0.7309520441314776
0.6994669512858753
0.668051040787167
0.6367014462876048
0.60543067108635
0.5742418305645485
0.5431539012161715
0.5121651899511042
0.4812761980857202
0.45048471377973864
0.4197880144914985
0.38918318187932377
0.35866857760251225
0.3282569560008296
0.29796079543978804
0.2677979281275424
0.23778784200970685
0.20797679532249752
0.17839861876397367
0.14907907913559126
0.1201155901378028
0.09237016614555463
0.06614381668796161
0.04373980688265648
0.028173857024460812
0.018193636566112982
0.011774690211800862
0.007634139367231321
0.004956472229362784
0.0032206023363490115
0.002092982630402526
0.0013590006683124926
0.0008806230587910303
0.0005907625645425536
0.0004099922654228179
0.00029371998076074476
0.00023519457961932583
0.00019634041735401607
0.0001706611015312321
0.00015337462614059202
0.0001421724386380407
0.00013812202092712295
0.00013985509898776453
0.000140987313355238
0.00014172948074026113
0.0001419442128253014
0.00014214867969001557
0.00014200494009866107
0.00014174512908400822
0.00014162270327371497
0.0001412997184363626
0.00014109280217710664
0.00014065373895241892
0.0001404997198969156
0.00014026121102869845
0.00013982213679783213
0.00013958362203263588
0.00013931351880413535
0.00013899050907913114
0.00013863590966441694
0.00013839738394704837
0.00013804277782995074
0.00013768816805190135
0.00013744963381699497
0.00013709501733603306
0.00013674039719373428
0.0001363857733900427
0.00013606273390655895
0.00013590867936517448
0.0001355540458166781
0.00013511491365434183
0.00013487635648430033
0.00013472229267328176
0.00013436764571778505
0.00013401299510068954
0.0001336583408214952
0.00013330368288036638
0.00013306510909238782
0.00013274203454655695
0.0001324718651817382
0.0001321487843152151
0.00013179410950210592
0.00013152393103418826
0.0001312853408120913
0.00013084615520348635
0.0001304914663609641
0.00013033736888926582
0.00013001426559656115
0.00012965956700661772
0.00012930486475381565
0.0001290662546320283
0.00012871154567378577
0.00012838842585993727
0.00012811821440932058
0.00012776349508253002
0.000127324266615761
0.00012720173850189719
0.00012693151532447476
0.00012649227584478557
0.00012613753902137497
