0.9641449736217094
0.9628342582522502
0.9614278225605074
0.9599105659765064
0.9582782856989195
0.9565116580101194
0.9545910890486377
0.9524924970757825
0.9501907246254612
0.9476693278557755
0.9448777290347316
0.9417715231523289
0.9382922551536711
0.9344452540939834
0.9300841985202986
0.9251260949009317
0.9194342779358153
0.9129598956146759
0.905398561703847
0.8965287155174714
0.8858640519991495
0.8727507463775763
0.8563368651095389
0.8353337699523732
0.8074458480664382
0.7712703146759432
0.7258603756939535
0.6940492381825722
0.7105436163418176
0.7092093347954371
0.7083876339656251
0.7078777099713874
0.7076245675614611
0.7075358188838885
0.707564440508922
0.7077129385382093
0.7080352765434621
0.7084734116910212
0.709061191977758
0.7100889719522362
0.7112999423979087
0.7151484501815666
0.7931203858527396
0.8141791343012551
0.8608324676385433
0.8975589098935777
0.9184902603976499
0.9363159804080659
0.9518596936416764
0.9944743837220866
1.006991123085097
1.0123842126361575
1.0085063311550306
1.0059146947746507
1.0017879900249302
1.001784816238369
1.0006175940339503
0.9990370057273684
0.9990360677288607
0.9997021122985338
0.9983676475228346
0.9971970917130751
0.9990305062384983
0.9965156212792508
0.9990261397142366
0.9971737953340074
0.9980940771835503
0.9974133868364148
0.9971529273510146
0.9990151352086359
0.9964605281142002
0.9980711895620077
0.9973822871963166
0.9980623469006084
0.9971129922694223
0.9973626290900616
0.9980477470569177
0.9980439083074514
0.9973452156467628
0.9970777023284824
0.998029028952973
0.9973249957504032
0.9980197956177754
0.9970495204097579
0.9989791399485144
0.9963315066308371
0.9980005364629204
0.9979965101141325
0.9970147841738444
0.9982532479286674
0.9962855002644667
0.9986930595755302
0.9972540081042416
0.996256395036347
0.9996765034422487
0.9962410524319217
0.9962268307264506
0.9996739022399059
0.9962112446649658
0.9982083254998382
